1 0.116811 0.066147 0.102596 0.056309
1 0.231768 0.066147 0.102596 0.056309
1 0.346724 0.066147 0.102596 0.056309
1 0.461681 0.066147 0.102596 0.056309
2 0.576638 0.066147 0.102596 0.056309
2 0.691595 0.066147 0.102596 0.056309
1 0.806551 0.066147 0.102596 0.056309
1 0.116811 0.151628 0.102596 0.056309
2 0.231768 0.151628 0.102596 0.056309
1 0.346724 0.151628 0.102596 0.056309
2 0.461681 0.151628 0.102596 0.056309
1 0.576638 0.151628 0.102596 0.056309
1 0.691595 0.151628 0.102596 0.056309
1 0.806551 0.151628 0.102596 0.056309
2 0.116811 0.237110 0.102596 0.056309
1 0.231768 0.237110 0.102596 0.056309
1 0.346724 0.237110 0.102596 0.056309
1 0.461681 0.237110 0.102596 0.056309
1 0.576638 0.237110 0.102596 0.056309
1 0.691595 0.237110 0.102596 0.056309
1 0.806551 0.237110 0.102596 0.056309
1 0.116811 0.322592 0.102596 0.056309
1 0.231768 0.322592 0.102596 0.056309
1 0.346724 0.322592 0.102596 0.056309
1 0.461681 0.322592 0.102596 0.056309
1 0.576638 0.322592 0.102596 0.056309
1 0.691595 0.322592 0.102596 0.056309
2 0.806551 0.322592 0.102596 0.056309
1 0.116811 0.408073 0.102596 0.056309
1 0.231768 0.408073 0.102596 0.056309
1 0.346724 0.408073 0.102596 0.056309
1 0.461681 0.408073 0.102596 0.056309
1 0.576638 0.408073 0.102596 0.056309
1 0.691595 0.408073 0.102596 0.056309
1 0.806551 0.408073 0.102596 0.056309
1 0.116811 0.493555 0.102596 0.056309
1 0.231768 0.493555 0.102596 0.056309
1 0.346724 0.493555 0.102596 0.056309
1 0.461681 0.493555 0.102596 0.056309
1 0.576638 0.493555 0.102596 0.056309
1 0.691595 0.493555 0.102596 0.056309
1 0.806551 0.493555 0.102596 0.056309
1 0.116811 0.579037 0.102596 0.056309
1 0.231768 0.579037 0.102596 0.056309
1 0.346724 0.579037 0.102596 0.056309
1 0.461681 0.579037 0.102596 0.056309
1 0.576638 0.579037 0.102596 0.056309
1 0.691595 0.579037 0.102596 0.056309
1 0.806551 0.579037 0.102596 0.056309
1 0.116811 0.664518 0.102596 0.056309
1 0.231768 0.664518 0.102596 0.056309
1 0.346724 0.664518 0.102596 0.056309
1 0.461681 0.664518 0.102596 0.056309
1 0.576638 0.664518 0.102596 0.056309
1 0.691595 0.664518 0.102596 0.056309
1 0.806551 0.664518 0.102596 0.056309
1 0.116811 0.750000 0.102596 0.056309
1 0.231768 0.750000 0.102596 0.056309
1 0.346724 0.750000 0.102596 0.056309
1 0.461681 0.750000 0.102596 0.056309
1 0.576638 0.750000 0.102596 0.056309
0 0.691595 0.750000 0.102596 0.056309
0 0.806551 0.750000 0.102596 0.056309
0 0.116811 0.835482 0.102596 0.056309
0 0.231768 0.835482 0.102596 0.056309
0 0.346724 0.835482 0.102596 0.056309
0 0.461681 0.835482 0.102596 0.056309
0 0.576638 0.835482 0.102596 0.056309
0 0.691595 0.835482 0.102596 0.056309
0 0.806551 0.835482 0.102596 0.056309
